# oST version 5.0 parameters


[image]

width
640

height
480

[narrow_stereo]

camera matrix
610.727396 0.000000 337.786164
0.000000 612.233546 256.449636
0.000000 0.000000 1.000000

distortion
0.030309 0.156561 0.003321 0.000032 0.000000

rectification
1.000000 0.000000 0.000000
0.000000 1.000000 0.000000
0.000000 0.000000 1.000000

projection
633.870911 0.000000 336.550668 0.000000
0.000000 637.253967 257.140288 0.000000
0.000000 0.000000 1.000000 0.000000
